153,178,42 153,178,42 153,178,42 153,178,42 153,178,42 153,178,42 153,178,42 153,178,42 153,178,42 153,178,42 153,178,42 153,178,42 153,178,42 153,178,42 153,178,42 153,178,42
153,178,42 153,178,42 153,178,42 153,178,42 153,178,42 153,178,42 153,178,42 153,178,42 153,178,42 153,178,42 153,178,42 153,178,42 153,178,42 153,178,42 153,178,42 153,178,42
153,178,42 153,178,42 153,178,42 153,178,42 153,178,42 153,178,42 153,178,42 153,178,42 153,178,42 153,178,42 153,178,42 153,178,42 153,178,42 153,178,42 153,178,42 153,178,42
86,151,249 86,151,249 86,151,249 86,151,249 86,151,249 86,151,249 86,151,249 86,151,249 86,151,249 86,151,249 86,151,249 86,151,249 86,151,249 86,151,249 86,151,249 86,151,249
153,178,42 153,178,42 153,178,42 153,178,42 153,178,42 153,178,42 153,178,42 153,178,42 153,178,42 153,178,42 153,178,42 153,178,42 153,178,42 153,178,42 153,178,42 153,178,42
153,178,42 153,178,42 153,178,42 153,178,42 153,178,42 153,178,42 153,178,42 153,178,42 153,178,42 153,178,42 153,178,42 153,178,42 153,178,42 153,178,42 153,178,42 153,178,42
153,178,42 153,178,42 153,178,42 153,178,42 153,178,42 153,178,42 153,178,42 153,178,42 153,178,42 153,178,42 153,178,42 153,178,42 153,178,42 153,178,42 153,178,42 153,178,42
86,151,249 86,151,249 86,151,249 86,151,249 86,151,249 86,151,249 86,151,249 86,151,249 86,151,249 86,151,249 86,151,249 86,151,249 86,151,249 86,151,249 86,151,249 86,151,249
153,178,42 153,178,42 153,178,42 153,178,42 153,178,42 153,178,42 153,178,42 153,178,42 153,178,42 153,178,42 153,178,42 153,178,42 153,178,42 153,178,42 153,178,42 153,178,42
153,178,42 153,178,42 153,178,42 153,178,42 153,178,42 153,178,42 153,178,42 153,178,42 153,178,42 153,178,42 153,178,42 153,178,42 153,178,42 153,178,42 153,178,42 153,178,42
153,178,42 153,178,42 153,178,42 153,178,42 153,178,42 153,178,42 153,178,42 153,178,42 153,178,42 153,178,42 153,178,42 153,178,42 153,178,42 153,178,42 153,178,42 153,178,42
86,151,249 86,151,249 86,151,249 86,151,249 86,151,249 86,151,249 86,151,249 86,151,249 86,151,249 86,151,249 86,151,249 86,151,249 86,151,249 86,151,249 86,151,249 86,151,249
153,178,42 153,178,42 153,178,42 153,178,42 153,178,42 153,178,42 153,178,42 153,178,42 153,178,42 153,178,42 153,178,42 153,178,42 153,178,42 153,178,42 153,178,42 153,178,42
153,178,42 153,178,42 153,178,42 153,178,42 153,178,42 153,178,42 153,178,42 153,178,42 153,178,42 153,178,42 153,178,42 153,178,42 153,178,42 153,178,42 153,178,42 153,178,42
153,178,42 153,178,42 153,178,42 153,178,42 153,178,42 153,178,42 153,178,42 153,178,42 153,178,42 153,178,42 153,178,42 153,178,42 153,178,42 153,178,42 153,178,42 153,178,42
86,151,249 86,151,249 86,151,249 86,151,249 86,151,249 86,151,249 86,151,249 86,151,249 86,151,249 86,151,249 86,151,249 86,151,249 86,151,249 86,151,249 86,151,249 86,151,249