255,97,105 255,97,105 255,97,105 255,97,105 255,97,105 255,97,105 255,97,105 255,97,105 255,97,105 255,97,105 255,97,105 255,97,105 255,97,105 255,97,105 255,97,105 255,97,105
153,178,42 153,178,42 153,178,42 153,178,42 153,178,42 153,178,42 153,178,42 153,178,42 153,178,42 153,178,42 153,178,42 153,178,42 153,178,42 153,178,42 153,178,42 153,178,42
77,254,140 77,254,140 77,254,140 77,254,140 77,254,140 77,254,140 77,254,140 77,254,140 77,254,140 77,254,140 77,254,140 77,254,140 77,254,140 77,254,140 77,254,140 77,254,140
86,151,249 86,151,249 86,151,249 86,151,249 86,151,249 86,151,249 86,151,249 86,151,249 86,151,249 86,151,249 86,151,249 86,151,249 86,151,249 86,151,249 86,151,249 86,151,249
255,97,105 255,97,105 255,97,105 255,97,105 255,97,105 255,97,105 255,97,105 255,97,105 255,97,105 255,97,105 255,97,105 255,97,105 255,97,105 255,97,105 255,97,105 255,97,105
153,178,42 153,178,42 153,178,42 153,178,42 153,178,42 153,178,42 153,178,42 153,178,42 153,178,42 153,178,42 153,178,42 153,178,42 153,178,42 153,178,42 153,178,42 153,178,42
77,254,140 77,254,140 77,254,140 77,254,140 77,254,140 77,254,140 77,254,140 77,254,140 77,254,140 77,254,140 77,254,140 77,254,140 77,254,140 77,254,140 77,254,140 77,254,140
86,151,249 86,151,249 86,151,249 86,151,249 86,151,249 86,151,249 86,151,249 86,151,249 86,151,249 86,151,249 86,151,249 86,151,249 86,151,249 86,151,249 86,151,249 86,151,249
255,97,105 255,97,105 255,97,105 255,97,105 255,97,105 255,97,105 255,97,105 255,97,105 255,97,105 255,97,105 255,97,105 255,97,105 255,97,105 255,97,105 255,97,105 255,97,105
153,178,42 153,178,42 153,178,42 153,178,42 153,178,42 153,178,42 153,178,42 153,178,42 153,178,42 153,178,42 153,178,42 153,178,42 153,178,42 153,178,42 153,178,42 153,178,42
77,254,140 77,254,140 77,254,140 77,254,140 77,254,140 77,254,140 77,254,140 77,254,140 77,254,140 77,254,140 77,254,140 77,254,140 77,254,140 77,254,140 77,254,140 77,254,140
86,151,249 86,151,249 86,151,249 86,151,249 86,151,249 86,151,249 86,151,249 86,151,249 86,151,249 86,151,249 86,151,249 86,151,249 86,151,249 86,151,249 86,151,249 86,151,249
255,97,105 255,97,105 255,97,105 255,97,105 255,97,105 255,97,105 255,97,105 255,97,105 255,97,105 255,97,105 255,97,105 255,97,105 255,97,105 255,97,105 255,97,105 255,97,105
153,178,42 153,178,42 153,178,42 153,178,42 153,178,42 153,178,42 153,178,42 153,178,42 153,178,42 153,178,42 153,178,42 153,178,42 153,178,42 153,178,42 153,178,42 153,178,42
77,254,140 77,254,140 77,254,140 77,254,140 77,254,140 77,254,140 77,254,140 77,254,140 77,254,140 77,254,140 77,254,140 77,254,140 77,254,140 77,254,140 77,254,140 77,254,140
86,151,249 86,151,249 86,151,249 86,151,249 86,151,249 86,151,249 86,151,249 86,151,249 86,151,249 86,151,249 86,151,249 86,151,249 86,151,249 86,151,249 86,151,249 86,151,249
255,97,105 255,97,105 255,97,105 255,97,105 255,97,105 255,97,105 255,97,105 255,97,105 255,97,105 255,97,105 255,97,105 255,97,105 255,97,105 255,97,105 255,97,105 255,97,105
153,178,42 153,178,42 153,178,42 153,178,42 153,178,42 153,178,42 153,178,42 153,178,42 153,178,42 153,178,42 153,178,42 153,178,42 153,178,42 153,178,42 153,178,42 153,178,42
77,254,140 77,254,140 77,254,140 77,254,140 77,254,140 77,254,140 77,254,140 77,254,140 77,254,140 77,254,140 77,254,140 77,254,140 77,254,140 77,254,140 77,254,140 77,254,140
86,151,249 86,151,249 86,151,249 86,151,249 86,151,249 86,151,249 86,151,249 86,151,249 86,151,249 86,151,249 86,151,249 86,151,249 86,151,249 86,151,249 86,151,249 86,151,249
255,97,105 255,97,105 255,97,105 255,97,105 255,97,105 255,97,105 255,97,105 255,97,105 255,97,105 255,97,105 255,97,105 255,97,105 255,97,105 255,97,105 255,97,105 255,97,105
153,178,42 153,178,42 153,178,42 153,178,42 153,178,42 153,178,42 153,178,42 153,178,42 153,178,42 153,178,42 153,178,42 153,178,42 153,178,42 153,178,42 153,178,42 153,178,42
77,254,140 77,254,140 77,254,140 77,254,140 77,254,140 77,254,140 77,254,140 77,254,140 77,254,140 77,254,140 77,254,140 77,254,140 77,254,140 77,254,140 77,254,140 77,254,140
86,151,249 86,151,249 86,151,249 86,151,249 86,151,249 86,151,249 86,151,249 86,151,249 86,151,249 86,151,249 86,151,249 86,151,249 86,151,249 86,151,249 86,151,249 86,151,249
255,97,105 255,97,105 255,97,105 255,97,105 255,97,105 255,97,105 255,97,105 255,97,105 255,97,105 255,97,105 255,97,105 255,97,105 255,97,105 255,97,105 255,97,105 255,97,105
153,178,42 153,178,42 153,178,42 153,178,42 153,178,42 153,178,42 153,178,42 153,178,42 153,178,42 153,178,42 153,178,42 153,178,42 153,178,42 153,178,42 153,178,42 153,178,42
77,254,140 77,254,140 77,254,140 77,254,140 77,254,140 77,254,140 77,254,140 77,254,140 77,254,140 77,254,140 77,254,140 77,254,140 77,254,140 77,254,140 77,254,140 77,254,140
86,151,249 86,151,249 86,151,249 86,151,249 86,151,249 86,151,249 86,151,249 86,151,249 86,151,249 86,151,249 86,151,249 86,151,249 86,151,249 86,151,249 86,151,249 86,151,249
255,97,105 255,97,105 255,97,105 255,97,105 255,97,105 255,97,105 255,97,105 255,97,105 255,97,105 255,97,105 255,97,105 255,97,105 255,97,105 255,97,105 255,97,105 255,97,105
153,178,42 153,178,42 153,178,42 153,178,42 153,178,42 153,178,42 153,178,42 153,178,42 153,178,42 153,178,42 153,178,42 153,178,42 153,178,42 153,178,42 153,178,42 153,178,42
77,254,140 77,254,140 77,254,140 77,254,140 77,254,140 77,254,140 77,254,140 77,254,140 77,254,140 77,254,140 77,254,140 77,254,140 77,254,140 77,254,140 77,254,140 77,254,140
86,151,249 86,151,249 86,151,249 86,151,249 86,151,249 86,151,249 86,151,249 86,151,249 86,151,249 86,151,249 86,151,249 86,151,249 86,151,249 86,151,249 86,151,249 86,151,249